7
NAND2_X1
0.0074307,0.0112099,0.0157672,0.0247561,0.0426101,0.0782368,0.149445;
0.00896317,0.0127084,0.0173,0.0263569,0.0442815,0.0799642,0.151206;
0.0141826,0.0189535,0.0236392,0.0325101,0.0503637,0.0860462,0.157306;
0.0198673,0.0266711,0.0336357,0.044885,0.0628232,0.098154,0.16922;
0.0262799,0.0348883,0.043833,0.0586475,0.0818511,0.117889,0.188351;
0.0334985,0.0438815,0.0546771,0.0727012,0.101569,0.145562,0.216015;
0.0415987,0.0537162,0.0663517,0.0874425,0.121509,0.174517,0.253405;
NOR2_X1
0.0136008,0.0161505,0.020576,0.029234,0.0462805,0.0801242,0.147594;
0.0142633,0.016754,0.0211519,0.029865,0.0470595,0.0810783,0.148696;
0.0202027,0.0226399,0.0267281,0.0350583,0.0519006,0.0857406,0.153365;
0.028221,0.0316593,0.037226,0.0469299,0.063465,0.0965651,0.163573;
0.0381015,0.0422278,0.049002,0.061084,0.0815179,0.115113,0.18102;
0.050332,0.0550648,0.0628653,0.0768972,0.101146,0.141009,0.20702;
0.0651817,0.0704989,0.0792584,0.095033,0.12253,0.168656,0.24249;
AND2_X1
0.0229273,0.0278833,0.0331544,0.0428051,0.0612642,0.097735,0.170492;
0.0241796,0.0291333,0.0344028,0.044052,0.0625091,0.0989835,0.171743;
0.0292313,0.0341494,0.0393813,0.0489834,0.0674111,0.103888,0.176663;
0.0361806,0.0413104,0.0466212,0.0562627,0.0746023,0.110992,0.183728;
0.0417222,0.0473804,0.0529449,0.0626244,0.0809404,0.117314,0.189941;
0.0458217,0.052053,0.0581948,0.0682722,0.0865488,0.122733,0.195364;
0.0483588,0.0550898,0.0619209,0.0728347,0.0914012,0.127549,0.20002;
OR2_X1
0.0157392,0.0199848,0.0247955,0.0340853,0.052404,0.088838,0.161568;
0.0173037,0.0215411,0.0263453,0.0356349,0.0539585,0.0904,0.163127;
0.0223901,0.0265897,0.0313271,0.0405509,0.0588606,0.0953281,0.168079;
0.026992,0.0315565,0.0363455,0.0454982,0.0637112,0.100105,0.172851;
0.0292042,0.034476,0.0395934,0.0487417,0.0667809,0.103093,0.175751;
0.0285945,0.0345644,0.0403839,0.0499213,0.0678593,0.10398,0.176552;
0.0248448,0.0313857,0.0379725,0.0484434,0.0665208,0.102569,0.175003;
XOR2_X1
0.037026,0.03915,0.043049,0.050763,0.066175,0.097342,0.160484;
0.038471,0.040604,0.044531,0.052312,0.067825,0.099071,0.162215;
0.042092,0.044271,0.048296,0.05629,0.072182,0.103876,0.167339;
0.045875,0.048032,0.05201,0.060124,0.076223,0.108226,0.172032;
0.048381,0.050595,0.054659,0.062708,0.078691,0.110503,0.174548;
0.048337,0.05063,0.054774,0.062887,0.07893,0.110898,0.174516;
0.045197,0.047639,0.051984,0.060268,0.076351,0.108391,0.172307;
INV_X1
0.00558495,0.00952547,0.0142069,0.0234111,0.0416815,0.0781322,0.150988;
0.00726612,0.0110313,0.015699,0.0249513,0.0432921,0.0797973,0.152683;
0.0117593,0.0172024,0.022281,0.031245,0.0494226,0.085883,0.158767;
0.0169697,0.0245178,0.0319657,0.043744,0.062126,0.0981372,0.170748;
0.0234502,0.0327927,0.0422113,0.0575993,0.081425,0.118167,0.190083;
0.0313821,0.0424084,0.0535919,0.072123,0.101629,0.146333,0.218093;
0.0409686,0.0535508,0.0664252,0.0878376,0.122423,0.176146,0.255965;
BUF_X1
0.0150655,0.0192785,0.0240774,0.0333696,0.0517046,0.0881789,0.160987;
0.0165564,0.0207573,0.0255464,0.0348375,0.0531776,0.0896605,0.162472;
0.0214908,0.0256639,0.0303825,0.0396011,0.057926,0.09443,0.16727;
0.0260031,0.0305149,0.035268,0.0444044,0.0626416,0.099075,0.171904;
0.0286695,0.0338681,0.0389159,0.048029,0.066089,0.102453,0.175196;
0.0292776,0.0351629,0.0408826,0.0503417,0.0683247,0.10451,0.177181;
0.0276264,0.034082,0.0405673,0.0509039,0.0690618,0.105239,0.177778;
NAND2_X1
0.00474878,0.00814768,0.0123804,0.020848,0.0377848,0.0716838,0.139435;
0.00475427,0.00814708,0.0123814,0.0208446,0.0377762,0.0716641,0.139428;
0.0077976,0.009978,0.0130179,0.02085,0.0378031,0.0716776,0.13943;
0.0122628,0.0156758,0.0191464,0.0247382,0.0382858,0.0716833,0.139437;
0.0178385,0.0220827,0.0266676,0.0342116,0.0458454,0.0726908,0.139429;
0.0249336,0.0298045,0.0352101,0.0445099,0.0592803,0.0822832,0.139806;
0.0337631,0.03916,0.0452534,0.0559346,0.0736025,0.100571,0.148264;
NOR2_X1
0.00925353,0.0114438,0.0153346,0.023087,0.0385689,0.0694912,0.131322;
0.00923899,0.0114351,0.0153281,0.0230855,0.0385719,0.0694893,0.131336;
0.0106741,0.012281,0.0155251,0.0230745,0.0385612,0.0694951,0.131321;
0.0150971,0.0171566,0.0205109,0.0261442,0.0390364,0.0694916,0.131332;
0.019895,0.0223274,0.0263725,0.0335905,0.0456412,0.0707776,0.13131;
0.0259774,0.0286131,0.0331032,0.0414302,0.0559056,0.0796181,0.132171;
0.0337201,0.0364492,0.0411901,0.0502381,0.0665863,0.0939909,0.140955;
AND2_X1
0.0057288,0.00891685,0.0128187,0.0208943,0.0377688,0.0722247,0.141354;
0.00572757,0.0089194,0.0128191,0.0208911,0.0377733,0.0722335,0.141353;
0.00575739,0.00894876,0.0128462,0.0209084,0.0377703,0.0722407,0.141356;
0.00671156,0.00966231,0.0133885,0.0212253,0.03785,0.0722258,0.141369;
0.00818272,0.0110287,0.0143519,0.0217385,0.0381954,0.0723902,0.141349;
0.00991536,0.0129659,0.0161539,0.0228147,0.0385411,0.0726187,0.141516;
0.0119755,0.015197,0.0186081,0.0248105,0.0395074,0.0729589,0.141761;
OR2_X1
0.004428,0.0075451,0.011625,0.0201148,0.0373591,0.0719202,0.141074;
0.00442765,0.00754491,0.0116279,0.0201155,0.0373612,0.0719345,0.141079;
0.00470081,0.00766708,0.0116744,0.0201231,0.0373726,0.0719394,0.141083;
0.00586804,0.00845278,0.0121111,0.0203128,0.0374164,0.0719341,0.141097;
0.0074008,0.00999004,0.0131277,0.0206704,0.0375546,0.0720197,0.141077;
0.00915524,0.012074,0.0150611,0.0216819,0.0378758,0.072178,0.141179;
0.0112086,0.0143831,0.0176516,0.0236612,0.0386457,0.0725519,0.141351;
XOR2_X1
0.015334,0.017335,0.021048,0.028457,0.043237,0.072723,0.131578;
0.015334,0.017339,0.021045,0.028457,0.043239,0.072737,0.131584;
0.015358,0.017351,0.021054,0.02846,0.043239,0.072722,0.131566;
0.014383,0.016491,0.020359,0.028094,0.04324,0.072722,0.131578;
0.013985,0.015868,0.019425,0.026672,0.041488,0.071799,0.131543;
0.014644,0.016409,0.019792,0.026812,0.041263,0.070531,0.130248;
0.016001,0.017646,0.020782,0.027416,0.041552,0.070619,0.129168;
INV_X1
0.00325898,0.00675403,0.011085,0.0197517,0.0370834,0.0717177,0.141031;
0.00332094,0.00675485,0.0110858,0.0197475,0.0370819,0.0717179,0.141045;
0.006463,0.00917631,0.0120151,0.0197468,0.0370798,0.0717347,0.141043;
0.0100688,0.0140883,0.0179745,0.023939,0.0376321,0.0717196,0.141036;
0.0148442,0.0196692,0.0247509,0.0329193,0.0451557,0.0727075,0.141033;
0.0212043,0.0265195,0.0324007,0.0424452,0.0580872,0.0819889,0.141335;
0.029473,0.0350265,0.0414593,0.0528699,0.0716272,0.0997522,0.149253;
BUF_X1
0.00431629,0.00745385,0.0115682,0.0200985,0.0373705,0.0719884,0.141199;
0.00431547,0.00745699,0.011571,0.0200973,0.0373767,0.0719737,0.141202;
0.00462733,0.00759784,0.011622,0.0201068,0.0373719,0.0719887,0.141209;
0.00578092,0.00834323,0.0120283,0.0202847,0.0374271,0.0719916,0.141212;
0.00727015,0.00982049,0.012968,0.0206046,0.0375723,0.0720789,0.141201;
0.00896521,0.0118355,0.0147991,0.0215467,0.037881,0.0722184,0.141291;
0.0109632,0.0140938,0.0173169,0.0234177,0.0386893,0.0726298,0.141465;
